NbVehicules=10
NbClients=45
NbServices=2
Demandes=[[1,0],[0,1],[0,1],[1,1],[0,1],[1,1],[1,0],[0,1],[0,1],[0,1],[1,0],[0,1],[1,0],[1,0],[1,0],[0,1],[0,1],[1,0],[1,0],[1,0],[1,0],[0,1],[1,0],[0,1],[0,1],[1,0],[0,1],[1,0],[1,0],[1,0],[0,1],[0,1],[0,1],[1,0],[0,1],[1,0],[1,0],[0,1],[0,1],[1,0],[0,1],[0,1],[1,0],[1,0],[1,0]]
Offres=[[1,0],[0,1],[1,0],[0,1],[1,0],[0,1],[1,0],[0,1],[1,0],[0,1]]
depl=[
24,30,31,17,9,18,42,17,14,11,24,25,13,32,37,7,6,28,18,23,25,14,22,9,22,17,7,12,32,36,27,23,31,12,19,26,11,21,4,16,12,24,32,30,
24,20,38,10,26,15,27,23,35,20,7,31,27,41,23,21,22,8,9,39,22,23,3,32,14,38,27,17,43,23,35,34,42,26,6,22,21,41,24,9,14,35,28,43,
30,20,23,26,25,12,13,16,33,32,14,18,23,27,9,23,25,13,24,31,8,19,22,33,9,35,35,30,30,7,23,23,30,23,21,6,33,37,32,22,26,24,9,32,
31,38,23,38,23,24,31,17,24,39,32,7,19,5,29,26,27,33,37,15,17,19,38,29,24,25,38,39,8,27,6,9,9,19,35,18,40,24,35,35,36,9,15,12,
17,10,26,38,21,16,35,22,30,10,14,32,23,41,31,16,16,17,2,36,25,21,8,25,18,33,18,7,42,31,35,32,41,23,6,25,11,36,15,4,5,34,32,41,
9,26,25,23,21,15,37,10,10,18,23,17,4,24,33,6,6,27,21,16,19,7,24,9,18,13,15,18,24,32,18,15,23,4,21,20,18,16,13,19,17,16,25,22,
18,15,12,24,16,15,24,9,24,21,10,17,14,27,19,12,14,12,15,26,9,10,15,23,4,27,24,19,29,18,21,20,28,14,12,10,21,30,20,13,15,21,17,30,
42,27,13,31,35,37,24,28,45,43,22,28,35,36,5,35,37,19,33,42,20,31,30,45,20,47,47,40,39,6,33,34,39,35,30,18,43,49,43,32,37,35,17,42,
17,23,16,17,22,10,9,28,18,23,18,10,7,20,24,11,12,21,21,17,9,4,23,18,11,20,23,22,21,23,14,11,20,7,19,11,24,22,20,19,19,13,16,21,
14,35,33,24,30,10,24,45,18,25,32,21,11,23,41,15,14,36,30,11,26,15,34,7,27,4,19,26,22,40,19,16,21,11,30,28,25,7,18,28,25,16,31,18,
11,20,32,39,10,18,21,43,23,25,21,33,21,41,38,14,13,25,11,33,29,21,17,19,23,28,9,3,42,38,35,32,41,21,14,30,2,32,8,12,7,33,36,40,
24,7,14,32,14,23,10,22,18,32,21,26,23,36,18,19,20,5,12,35,16,19,8,30,8,35,27,19,38,18,30,29,37,23,8,16,22,38,24,10,15,30,22,39,
25,31,18,7,32,17,17,28,10,21,33,26,14,10,25,20,21,27,31,14,11,13,32,24,18,22,32,32,13,24,5,6,12,14,29,13,33,22,29,29,29,7,12,15,
13,27,23,19,23,4,14,35,7,11,21,23,14,21,31,8,9,26,23,13,16,5,26,11,17,13,19,21,21,30,14,11,20,1,22,18,22,16,16,21,19,12,22,19,
32,41,27,5,41,24,27,36,20,23,41,36,10,21,33,28,29,37,41,13,21,21,42,29,28,24,39,41,4,32,7,10,5,21,38,22,42,22,36,38,38,9,19,9,
37,23,9,29,31,33,19,5,24,41,38,18,25,31,33,31,33,15,29,38,16,27,26,41,16,44,43,36,36,2,30,31,36,31,26,14,39,45,39,28,32,32,14,39,
7,21,23,26,16,6,12,35,11,15,14,19,20,8,28,31,2,22,16,21,18,8,19,12,15,18,13,14,28,30,22,19,27,8,15,19,14,22,10,14,12,20,25,27,
6,22,25,27,16,6,14,37,12,14,13,20,21,9,29,33,2,24,16,21,20,9,20,10,17,17,12,13,29,31,22,19,28,8,16,21,13,21,9,15,12,20,27,27,
28,8,13,33,17,27,12,19,21,36,25,5,27,26,37,15,22,24,15,37,17,22,11,34,10,39,31,23,40,15,32,31,39,26,12,16,26,41,28,14,19,32,22,41,
18,9,24,37,2,21,15,33,21,30,11,12,31,23,41,29,16,16,15,36,24,20,6,25,16,33,19,9,42,29,34,32,41,23,4,24,12,37,16,3,6,33,31,41,
23,39,31,15,36,16,26,42,17,11,33,35,14,13,13,38,21,21,37,36,23,16,38,18,28,11,29,34,11,37,11,8,10,14,34,25,33,9,27,33,32,8,26,7,
25,22,8,17,25,19,9,20,9,26,29,16,11,16,21,16,18,20,17,24,23,12,23,27,9,28,31,27,23,14,16,16,23,16,21,2,30,30,27,21,24,17,8,25,
14,23,19,19,21,7,10,31,4,15,21,19,13,5,21,27,8,9,22,20,16,12,22,15,13,18,20,20,22,26,15,12,21,5,19,14,21,20,17,18,18,14,19,21,
22,3,22,38,8,24,15,30,23,34,17,8,32,26,42,26,19,20,11,6,38,23,22,30,15,37,24,14,43,25,35,34,42,25,4,23,18,40,21,6,11,35,29,43,
9,32,33,29,25,9,23,45,18,7,19,30,24,11,29,41,12,10,34,25,18,27,15,30,26,9,12,20,28,40,24,20,27,11,26,28,18,14,11,24,20,21,33,24,
22,14,9,24,18,18,4,20,11,27,23,8,18,17,28,16,15,17,10,16,28,9,13,15,26,30,27,21,30,15,23,21,30,17,13,8,24,32,23,14,18,23,15,31,
17,38,35,25,33,13,27,47,20,4,28,35,22,13,24,44,18,17,39,33,11,28,18,37,9,30,21,29,22,42,20,17,20,14,33,30,27,5,20,31,28,17,33,17,
7,27,35,38,18,15,24,47,23,19,9,27,32,19,39,43,13,12,31,19,29,31,20,24,12,27,21,11,38,42,33,29,37,19,21,32,8,25,4,18,13,30,38,35,
12,17,30,39,7,18,19,40,22,26,3,19,32,21,41,36,14,13,23,9,34,27,20,14,20,21,29,11,41,35,35,32,40,21,12,28,4,33,10,9,4,33,35,40,
32,43,30,8,42,24,29,39,21,22,42,38,13,21,4,36,28,29,40,42,11,23,22,43,28,30,22,38,41,35,8,10,2,21,40,25,42,19,36,39,39,9,22,6,
36,23,7,27,31,32,18,6,23,40,38,18,24,30,32,2,30,31,15,29,37,14,26,25,40,15,42,42,35,35,28,29,35,30,25,13,38,43,38,27,32,30,13,38,
27,35,23,6,35,18,21,33,14,19,35,30,5,14,7,30,22,22,32,34,11,16,15,35,24,23,20,33,35,8,28,4,8,15,32,17,35,19,30,32,32,4,16,10,
23,34,23,9,32,15,20,34,11,16,32,29,6,11,10,31,19,19,31,32,8,16,12,34,20,21,17,29,32,10,29,4,9,11,30,17,32,16,27,29,29,2,18,10,
31,42,30,9,41,23,28,39,20,21,41,37,12,20,5,36,27,28,39,41,10,23,21,42,27,30,20,37,40,2,35,8,9,20,39,24,41,18,35,38,38,8,23,5,
12,26,23,19,23,4,14,35,7,11,21,23,14,1,21,31,8,8,26,23,14,16,5,25,11,17,14,19,21,21,30,15,11,20,22,18,21,16,16,20,19,12,22,19,
19,6,21,35,6,21,12,30,19,30,14,8,29,22,38,26,15,16,12,4,34,21,19,4,26,13,33,21,12,40,25,32,30,39,22,21,15,36,18,3,8,31,27,39,
26,22,6,18,25,20,10,18,11,28,30,16,13,18,22,14,19,21,16,24,25,2,14,23,28,8,30,32,28,25,13,17,17,24,18,21,30,31,28,22,25,19,7,27,
11,21,33,40,11,18,21,43,24,25,2,22,33,22,42,39,14,13,26,12,33,30,21,18,18,24,27,8,4,42,38,35,32,41,21,15,30,31,7,13,8,33,37,40,
21,41,37,24,36,16,30,49,22,7,32,38,22,16,22,45,22,21,41,37,9,30,20,40,14,32,5,25,33,19,43,19,16,18,16,36,31,31,24,35,32,16,33,14,
4,24,32,35,15,13,20,43,20,18,8,24,29,16,36,39,10,9,28,16,27,27,17,21,11,23,20,4,10,36,38,30,27,35,16,18,28,7,24,16,11,28,34,33,
16,9,22,35,4,19,13,32,19,28,12,10,29,21,38,28,14,15,14,3,33,21,18,6,24,14,31,18,9,39,27,32,29,38,20,3,22,13,35,16,6,31,28,39,
12,14,26,36,5,17,15,37,19,25,7,15,29,19,38,32,12,12,19,6,32,24,18,11,20,18,28,13,4,39,32,32,29,38,19,8,25,8,32,11,6,31,31,38,
24,35,24,9,34,16,21,35,13,16,33,30,7,12,9,32,20,20,32,33,8,17,14,35,21,23,17,30,33,9,30,4,2,8,12,31,19,33,16,28,31,31,19,9,
32,28,9,15,32,25,17,17,16,31,36,22,12,22,19,14,25,27,22,31,26,8,19,29,33,15,33,38,35,22,13,16,18,23,22,27,7,37,33,34,28,31,19,26,
30,43,32,12,41,22,30,42,21,18,40,39,15,19,9,39,27,27,41,41,7,25,21,43,24,31,17,35,40,6,38,10,10,5,19,39,27,40,14,33,39,38,9,26,
15,22,17,19,20,9,8,29,3,17,21,17,12,7,22,25,8,10,20,20,18,11,2,21,17,11,20,21,20,23,24,15,13,22,7,18,12,22,22,18,17,17,14,17,22,
15,22,17,19,20,9,8,29,3,17,21,17,12,7,22,25,8,10,20,20,18,11,2,21,17,11,20,21,20,23,24,15,13,22,7,18,12,22,22,18,17,17,14,17,22]
WindowsC=[[0,651],[0,651],[0,651],[0,651],[0,651],[0,651],[0,651],[0,651],[0,651],[0,651],[0,651],[0,651],[0,651],[0,651],[0,651],[0,651],[0,651],[0,651],[0,651],[0,651],[0,651],[0,651],[0,651],[0,651],[0,651],[0,651],[0,651],[0,651],[0,651],[0,651],[0,651],[0,651],[0,651],[0,651],[0,651],[0,651],[0,651],[0,651],[0,651],[0,651],[0,651],[0,651],[0,651],[0,651],[0,651]]
DureeDeVisite=[[90,0],[0,32],[0,57],[68,68],[0,134],[81,81],[81,0],[0,20],[0,76],[0,70],[115,0],[0,38],[59,0],[93,0],[117,0],[0,62],[0,79],[41,0],[58,0],[50,0],[54,0],[0,56],[69,0],[0,90],[0,69],[146,0],[0,82],[105,0],[73,0],[80,0],[0,41],[0,46],[0,112],[84,0],[0,58],[86,0],[13,0],[0,88],[0,74],[68,0],[0,48],[0,94],[38,0],[75,0],[109,0]]
WindowsD=[[0,651],[0,651],[0,651],[0,651],[0,651],[0,651],[0,651],[0,651],[0,651],[0,651]]
CoutPref=[
[-8.429340,2.092850,4.790020,4.771980,4.876510,-6.190190,-7.726220,-3.134590,-3.800000,-3.060930],
[1.440920,6.355000,9.102170,5.981180,-1.993370,3.323720,-4.184520,-4.011850,0.302079,1.271680],
[7.065980,-5.339600,-0.806700,-6.525860,-0.616580,7.474190,0.339569,-8.063470,-9.677110,-9.345610],
[-1.887200,-3.336460,8.394770,2.279750,0.216015,-6.003590,7.928910,4.448050,-2.357110,6.602790],
[4.871330,-8.712990,7.260710,6.501280,8.450010,-9.429190,8.865870,-2.481580,3.616640,-4.399510],
[-5.318620,-5.106100,3.857070,7.890520,-0.657738,4.207530,0.664867,-0.848732,8.137840,-3.082900],
[-8.083040,-0.167982,3.179070,-1.739950,6.854070,8.617600,-6.501270,5.201030,8.883520,1.714540],
[-3.807730,-7.377020,5.655980,5.671930,-3.264540,-4.334420,7.197360,0.059533,-4.833230,-7.632870],
[8.387290,-2.273480,6.989590,-5.125100,-4.280250,7.249820,5.008450,0.500793,4.353860,-0.731527],
[-8.800880,2.381040,-1.611420,2.150820,6.986350,-7.018860,9.036300,5.424110,-0.335141,-9.124630],
[8.551830,-6.908400,9.102390,-2.808660,7.686460,-3.181070,-8.451730,3.338050,4.133470,6.933310],
[6.220370,-8.771310,5.581660,-7.583500,9.417230,-0.030887,-8.987940,-4.411850,4.301620,7.913810],
[-8.730490,-2.596390,0.315994,8.867930,2.681380,-3.550870,-0.576363,7.995010,-1.605340,-2.000750],
[5.959960,-6.683030,5.701070,-0.459501,6.302480,-6.458020,-5.117990,6.077300,-8.483730,7.879820],
[8.845020,6.704900,5.469500,1.065660,-9.906740,-3.137140,-2.433520,-4.132930,9.634980,2.928210],
[-3.979250,-2.686440,-1.328550,-6.964370,-8.626390,-6.765420,0.482083,-3.380210,-1.380980,-8.360310],
[-0.195877,-3.710800,-1.861120,-5.932210,-5.868450,-4.259010,1.951630,6.195490,-3.168860,4.454550],
[-2.301640,0.656449,-9.684110,-4.197050,-5.128090,-8.255740,-0.674651,-9.793860,-4.408990,2.630370],
[-9.051920,6.717340,-8.033540,6.318010,-0.508270,-5.921880,-9.566740,-4.500470,-2.343430,8.217320],
[-7.022530,-0.112924,-3.572740,-7.289110,-8.882780,6.435130,0.856873,-9.283370,-9.213580,-4.503000],
[-4.229310,-2.373110,9.136090,3.456160,-6.104790,2.026060,-8.366670,-7.244380,-9.973390,0.319293],
[-5.603650,3.462610,6.210860,-9.324070,3.349790,8.719820,6.008160,9.673610,-0.096075,-9.095500],
[-0.557305,9.727670,3.902480,9.343520,1.735950,-4.863080,-6.203540,-5.678940,-5.256820,-5.885620],
[-3.147460,-9.020760,-4.681380,-2.720510,5.472790,8.309350,3.522970,2.591660,-4.197390,-7.531340],
[9.062530,-5.799560,2.544440,2.720330,8.884720,5.129170,9.575680,-9.485830,-5.504360,-5.916520],
[2.327170,4.906740,-9.165990,4.277730,6.704050,-5.710000,2.451220,4.638060,-6.654050,9.911230],
[6.853320,-3.195050,0.230101,0.651530,-1.710870,1.763090,0.135708,-0.609254,-3.628100,-6.081160],
[5.444450,3.560810,-7.891300,-2.936360,-0.074836,5.310670,-8.277860,9.816970,-7.845030,-2.312120],
[-4.477390,-3.331370,-3.544920,-1.789650,-6.306440,8.810240,6.843670,7.910490,6.454120,-0.544519],
[4.026100,3.202910,-9.617710,3.698500,6.775510,-5.578330,-7.243410,-2.663740,7.867080,0.940679],
[6.960760,6.098100,4.492960,3.794370,4.978400,9.596440,3.709770,-6.596610,-0.748671,5.728610],
[5.598070,4.637380,-6.653410,-3.239920,0.255574,-0.215582,6.417570,-8.212630,8.796780,-8.423260],
[8.298220,-9.344100,2.768660,-1.499180,-1.993550,-9.299780,-3.986100,4.200820,-0.071686,-0.519371],
[-4.339740,-8.233980,-1.991850,-8.348390,8.506240,5.183820,1.049980,-4.897800,-9.990000,-7.125240],
[-8.957250,8.057520,8.604670,4.633930,2.729090,-9.081000,7.034450,6.470050,4.573720,8.323870],
[-6.458090,-7.964260,1.550340,-0.634981,8.026490,-0.126648,-8.172520,1.060800,-9.822120,-3.118000],
[6.853050,0.607151,2.485520,1.885270,-1.585730,0.069577,-4.237380,6.927840,-8.377290,-5.332720],
[7.687970,-5.501080,-8.996020,1.181980,7.081080,0.030141,6.903990,-6.197720,5.494820,-3.829620],
[-5.868180,2.605790,-1.073790,-9.431560,1.495390,-8.327610,2.973810,3.944100,5.969430,-6.461100],
[-9.658550,-9.932890,6.236410,-3.996440,8.112630,4.686730,1.540400,7.359180,4.573060,-3.991390],
[6.443600,-0.602117,-4.124350,2.831630,7.260650,-7.266430,5.583000,4.218650,-8.575070,-5.300680],
[9.688510,4.268420,-2.091220,7.716790,-1.992960,-9.701560,-2.863380,9.308200,0.188263,3.461150],
[-7.597670,-5.482660,-8.956530,-8.531630,-0.182973,9.057330,-4.255530,5.285970,4.291930,2.529460],
[2.944920,9.469020,-2.360350,2.033680,-9.869800,-3.255970,-2.366410,6.454590,-5.937100,-1.163950],
[8.047400,-2.465040,-5.660880,-4.856530,-3.732660,9.879580,0.841024,-8.005230,4.192980,-1.598950]]
gap=[-1,-1,-1,0,-1,5,-1,-1,-1,-1,-1,-1,-1,-1,-1,-1,-1,-1,-1,-1,-1,-1,-1,-1,-1,-1,-1,-1,-1,-1,-1,-1,-1,-1,-1,-1,-1,-1,-1,-1,-1,-1,-1,-1,-1]