NbVehicules=4
NbClients=18
NbServices=2
Demandes=[[0,1],[0,1],[1,0],[1,0],[0,1],[0,1],[1,0],[1,0],[0,1],[1,0],[1,0],[1,1],[1,0],[1,1],[1,0],[0,1],[0,1],[0,1]]
Offres=[[1,0],[1,0],[0,1],[0,1]]
depl=[
9,28,13,16,27,45,24,32,41,31,21,31,33,39,44,39,23,
9,30,19,11,20,44,30,34,40,24,14,30,35,36,43,35,21,
28,30,17,23,29,23,17,6,16,37,31,12,6,23,21,25,14,
13,19,17,19,29,38,12,22,32,36,27,24,22,34,36,35,18,
16,11,23,19,12,33,29,26,30,18,9,20,27,25,32,24,11,
27,20,29,29,12,31,39,31,31,8,8,22,31,21,31,19,16,
45,44,23,38,33,31,40,20,8,37,37,15,19,10,3,14,24,
24,30,17,12,29,39,40,21,33,46,37,28,22,39,38,40,25,
32,34,6,22,26,31,20,21,12,39,34,11,1,21,17,24,16,
41,40,16,32,30,31,8,33,12,38,35,11,12,13,6,17,20,
31,24,37,36,18,8,37,46,39,38,11,29,39,27,37,24,24,
21,14,31,27,9,8,37,37,34,35,11,26,34,28,36,26,18,
31,30,12,24,20,22,15,28,11,11,29,26,11,12,13,13,10,
33,35,6,22,27,31,19,22,1,12,39,34,11,21,17,24,16,
39,36,23,34,25,21,10,39,21,13,27,28,12,21,11,4,18,
44,43,21,36,32,31,3,38,17,6,37,36,13,17,11,14,22,
39,35,25,35,24,19,14,40,24,17,24,26,13,24,4,14,18,
23,21,14,18,11,16,24,25,16,20,24,18,10,16,18,22,18,
21,21,11,15,12,19,25,22,15,20,27,20,11,15,20,23,21,4,
21,21,11,15,12,19,25,22,15,20,27,20,11,15,20,23,21,4]
WindowsC=[[0,554],[0,554],[0,554],[0,554],[0,554],[0,554],[0,554],[0,554],[0,554],[0,554],[0,554],[0,554],[0,554],[0,554],[0,554],[0,554],[0,554],[0,554]]
DureeDeVisite=[[0,68],[0,180],[50,0],[120,0],[0,24],[0,64],[71,0],[66,0],[0,41],[93,0],[42,0],[74,74],[82,0],[85,85],[84,0],[0,17],[0,46],[0,83]]
WindowsD=[[0,554],[0,554],[0,554],[0,554]]
CoutPref=[
[-2.307010,-8.453760,0.703705,-8.099060],
[8.547500,3.538230,-9.743090,-0.670695],
[-8.218990,6.563980,-3.862970,8.250610],
[-4.313810,3.310360,-8.383000,-1.998170],
[1.037020,9.878440,-0.712971,-1.743320],
[2.466790,-2.485820,-1.539700,-5.038290],
[-7.945330,4.954500,-7.859220,3.981020],
[-6.745150,5.556030,-2.950240,-3.416010],
[0.995168,-3.954590,-9.398710,-7.390460],
[-5.125310,3.188140,-1.344850,0.128050],
[-8.502660,9.108650,6.442660,7.678430],
[3.911340,9.463880,1.221360,-1.635180],
[-7.836940,0.135426,-2.821490,-0.673575],
[-9.428980,-4.373510,-2.502440,4.387370],
[-3.872700,7.828650,5.916180,-3.493530],
[-1.124950,8.897490,-1.983210,-3.750200],
[5.513900,8.155220,0.466000,-1.842210],
[6.498450,-4.637050,4.041540,5.346400]]
gap=[-1,-1,-1,-1,-1,-1,-1,-1,-1,-1,-1,0,-1,0,-1,-1,-1,-1]