NbVehicules=4
NbClients=18
NbServices=2
Demandes=[[0,1],[1,0],[0,1],[1,1],[0,1],[0,1],[0,1],[0,1],[1,0],[1,1],[0,1],[0,1],[1,0],[0,1],[1,0],[0,1],[1,0],[1,0]]
Offres=[[1,0],[1,0],[0,1],[0,1]]
depl=[
18,24,12,36,26,22,3,22,14,24,11,28,7,20,14,19,28,
18,6,14,40,28,21,19,8,25,6,12,21,14,25,22,18,13,
24,6,18,43,31,23,24,8,30,1,17,22,19,29,27,21,10,
12,14,18,45,34,28,11,14,24,18,3,31,6,28,24,25,18,
36,40,43,45,13,20,38,48,23,43,43,23,40,17,22,23,52,
26,28,31,34,13,8,29,35,16,30,31,12,30,8,13,10,40,
22,21,23,28,20,8,24,28,15,23,25,8,24,8,11,3,33,
3,19,24,11,38,29,24,22,16,24,10,30,6,22,17,22,27,
22,8,8,14,48,35,28,22,31,8,13,28,16,32,29,25,6,
14,25,30,24,23,16,15,16,31,29,22,22,19,9,4,14,37,
24,6,1,18,43,30,23,24,8,29,17,22,19,28,26,20,11,
11,12,17,3,43,31,25,10,13,22,17,29,4,26,22,22,18,
28,21,22,31,23,12,8,30,28,22,22,29,28,15,18,9,32,
7,14,19,6,40,30,24,6,16,19,19,4,28,24,19,21,21,
20,25,29,28,17,8,8,22,32,9,28,26,15,24,6,9,37,
14,22,27,24,22,13,11,17,29,4,26,22,18,19,6,10,35,
19,18,21,25,23,10,3,22,25,14,20,22,9,21,9,10,30,
28,13,10,18,52,40,33,27,6,37,11,18,32,21,37,35,30,
17,12,15,20,29,16,9,19,19,17,15,18,12,17,14,13,6,24,
17,12,15,20,29,16,9,19,19,17,15,18,12,17,14,13,6,24]
WindowsC=[[0,214],[74,380],[190,433],[289,475],[448,633],[0,133],[0,214],[92,333],[187,544],[368,618],[0,132],[0,324],[448,633],[534,768],[0,150],[123,258],[142,424],[183,523]]
DureeDeVisite=[[0,58],[98,0],[0,99],[58,58],[0,93],[0,101],[0,58],[0,121],[88,0],[65,65],[0,94],[0,69],[93,0],[0,49],[78,0],[0,61],[74,0],[112,0]]
WindowsD=[[0,702],[0,702],[0,702],[0,702]]
CoutPref=[
[6.650680,1.063730,8.114250,-3.509990],
[-6.480490,5.535740,-7.762130,9.268220],
[3.090030,3.183280,8.549710,-5.141630],
[-4.749180,1.580500,2.118000,9.993910],
[-8.581080,-0.623234,-5.078990,-9.660040],
[8.138270,-6.022960,9.707380,4.623280],
[6.650680,1.063730,8.114250,-3.509990],
[-3.435050,1.127660,2.508710,-8.209110],
[2.492430,-3.791770,-6.068950,3.655710],
[9.451280,-2.112380,-7.156860,2.633860],
[8.315210,9.146200,1.185150,-1.097740],
[-8.581080,-0.623234,-5.078990,-9.660040],
[-4.853670,7.613570,1.795700,-5.955100],
[1.639030,-4.183960,-2.382560,2.319840],
[-5.362290,2.864540,-5.171900,-6.571260],
[-6.063640,-0.167857,-1.931400,2.295110],
[-5.362290,2.864540,-5.171900,-6.571260],
[-6.063640,-0.167857,-1.931400,2.295110]]
gap=[-1,-1,-1,0,-1,-1,-1,-1,-1,0,-1,-1,-1,-1,-1,-1,-1,-1]