NbVehicules=4
NbClients=18
NbServices=2
Demandes=[[1,0],[1,0],[0,1],[1,1],[0,1],[0,1],[0,1],[1,0],[0,1],[1,1],[1,0],[1,0],[1,0],[0,1],[1,0],[1,0],[0,1],[0,1]]
Offres=[[1,0],[0,1],[1,0],[0,1]]
depl=[
18,24,12,36,26,22,3,22,14,24,11,28,7,20,14,19,28,
18,6,14,40,28,21,19,8,25,6,12,21,14,25,22,18,13,
24,6,18,43,31,23,24,8,30,1,17,22,19,29,27,21,10,
12,14,18,45,34,28,11,14,24,18,3,31,6,28,24,25,18,
36,40,43,45,13,20,38,48,23,43,43,23,40,17,22,23,52,
26,28,31,34,13,8,29,35,16,30,31,12,30,8,13,10,40,
22,21,23,28,20,8,24,28,15,23,25,8,24,8,11,3,33,
3,19,24,11,38,29,24,22,16,24,10,30,6,22,17,22,27,
22,8,8,14,48,35,28,22,31,8,13,28,16,32,29,25,6,
14,25,30,24,23,16,15,16,31,29,22,22,19,9,4,14,37,
11,12,17,3,43,31,25,10,13,22,17,29,4,26,22,22,18,
14,25,30,24,23,16,15,16,31,29,22,22,19,9,4,14,37,
28,21,22,31,23,12,8,30,28,22,22,29,28,15,18,9,32,
20,25,29,28,17,8,8,22,32,9,28,26,15,24,6,9,37,
12,14,18,45,34,28,11,14,24,18,3,31,6,28,24,25,18,
14,22,27,24,22,13,11,17,29,4,26,22,18,19,6,10,35,
19,18,21,25,23,10,3,22,25,14,20,22,9,21,9,10,30,
28,13,10,18,52,40,33,27,6,37,11,18,32,21,37,35,30,
17,12,15,20,29,16,9,19,19,17,15,18,12,17,14,13,6,24,
17,12,15,20,29,16,9,19,19,17,15,18,12,17,14,13,6,24]
WindowsC=[[0,717],[0,717],[0,717],[0,717],[0,717],[0,717],[0,717],[0,717],[0,717],[0,717],[0,717],[0,717],[0,717],[0,717],[0,717],[0,717],[0,717],[0,717]]
DureeDeVisite=[[72,0],[52,0],[0,87],[104,104],[0,101],[0,20],[0,104],[103,0],[0,48],[88,88],[71,0],[54,0],[97,0],[0,51],[116,0],[118,0],[0,75],[0,49]]
WindowsD=[[0,717],[0,717],[0,717],[0,717]]
CoutPref=[
[-9.423470,-0.800020,-5.201100,-4.132630],
[8.537060,9.192740,-8.145780,-1.312230],
[8.554080,6.547700,9.050950,-0.306303],
[-6.310480,8.774780,-0.567433,2.195050],
[3.955330,6.493500,4.972440,2.389900],
[1.169260,-6.433850,7.653840,4.895430],
[7.956140,-1.837250,5.920160,5.785810],
[6.501750,2.842190,-9.517950,2.018250],
[2.689750,-6.236150,-6.043830,1.739350],
[1.968740,3.204950,-0.168303,4.307610],
[-9.644690,8.978570,9.394830,6.395130],
[-7.768610,6.055540,6.949360,3.756040],
[1.968740,3.204950,-0.168303,4.307610],
[9.876280,7.672250,6.561110,-1.706970],
[6.280360,4.631680,-1.734070,1.179450],
[-2.933380,3.141850,-1.526420,9.727030],
[7.680390,-8.853880,-5.379400,-8.437160],
[-6.978930,-5.039310,-5.699190,-7.014040]]
gap=[-1,-1,-1,0,-1,-1,-1,-1,-1,0,-1,-1,-1,-1,-1,-1,-1,-1]