NbVehicules=4
NbClients=18
NbServices=2
Demandes=[[1,0],[1,0],[1,1],[1,1],[0,1],[0,1],[0,1],[1,0],[0,1],[0,1],[0,1],[0,1],[0,1],[1,0],[0,1],[1,0],[1,0],[0,1]]
Offres=[[1,0],[1,0],[0,1],[0,1]]
depl=[
23,30,4,12,17,14,38,11,16,9,31,37,10,23,20,15,11,
23,24,25,27,19,31,22,18,28,24,11,26,20,32,9,15,13,
30,24,33,23,38,26,16,33,20,23,18,9,20,18,31,15,28,
4,25,33,15,17,16,42,11,19,12,34,41,14,26,22,19,13,
12,27,23,15,28,5,35,22,5,4,31,31,7,11,28,13,19,
17,19,38,17,28,31,41,7,32,25,30,43,23,38,12,24,11,
14,31,26,16,5,31,39,24,7,7,35,34,11,12,32,17,23,
38,22,16,42,35,41,39,38,33,35,11,10,30,33,30,24,32,
11,18,33,11,22,7,24,38,25,18,28,39,17,31,12,19,7,
16,28,20,19,5,32,7,33,25,8,30,28,9,7,30,13,22,
9,24,23,12,4,25,7,35,18,8,29,31,5,14,25,12,16,
31,11,18,34,31,30,35,11,28,30,29,18,25,32,20,18,23,
37,26,9,41,31,43,34,10,39,28,31,18,28,26,34,22,33,
10,20,20,14,7,23,11,30,17,9,5,25,28,15,21,7,13,
23,32,18,26,11,38,12,33,31,7,14,32,26,15,35,17,28,
20,9,31,22,28,12,32,30,12,30,25,20,34,21,35,19,10,
15,15,15,19,13,24,17,24,19,13,12,18,22,7,17,19,13,
11,13,28,13,19,11,23,32,7,22,16,23,33,13,28,10,13,
15,12,18,18,16,21,20,24,16,16,13,17,24,9,21,15,4,10,
15,12,18,18,16,21,20,24,16,16,13,17,24,9,21,15,4,10]
WindowsC=[[0,730],[0,730],[0,730],[0,730],[0,730],[0,730],[0,730],[0,730],[0,730],[0,730],[0,730],[0,730],[0,730],[0,730],[0,730],[0,730],[0,730],[0,730]]
DureeDeVisite=[[58,0],[92,0],[52,52],[102,102],[0,61],[0,111],[0,32],[71,0],[0,63],[0,77],[0,24],[0,15],[0,76],[46,0],[0,51],[84,0],[105,0],[0,79]]
WindowsD=[[0,730],[0,730],[0,730],[0,730]]
CoutPref=[
[-9.737190,6.338850,7.962750,-6.705850],
[-6.802380,-0.351053,5.771300,4.668770],
[-2.708730,-7.234440,1.011490,1.445970],
[-2.096170,-5.776540,9.701910,-2.064160],
[9.684360,0.276004,5.328210,6.937000],
[9.087980,0.712472,8.147690,-9.679580],
[9.758510,-6.227910,-0.687269,-0.951247],
[-9.949180,1.554510,7.127580,-9.424730],
[-0.621977,4.427170,-1.918120,-6.107670],
[6.281710,-7.927860,-3.909380,-6.554720],
[7.612280,9.257850,9.528280,-0.960986],
[3.437200,6.702660,9.215190,-3.027790],
[-1.447650,-6.382810,9.301100,-3.421880],
[-9.657480,3.330940,-9.453940,-3.158610],
[0.133606,4.776280,-0.934027,-9.128340],
[-0.260565,4.726100,9.641230,2.449900],
[-7.423770,2.315100,-7.956090,0.969326],
[4.082020,-5.898030,6.142360,-2.411570]]
gap=[-1,-1,10,10,-1,-1,-1,-1,-1,-1,-1,-1,-1,-1,-1,-1,-1,-1]