NbVehicules=10
NbClients=45
NbServices=2
Demandes=[[1,1],[1,0],[1,0],[0,1],[1,1],[1,0],[1,0],[1,1],[1,0],[1,0],[1,0],[1,0],[1,0],[1,0],[1,0],[1,0],[1,0],[1,0],[1,0],[1,0],[0,1],[0,1],[1,0],[0,1],[0,1],[0,1],[0,1],[0,1],[0,1],[0,1],[0,1],[0,1],[0,1],[1,0],[1,0],[1,0],[0,1],[0,1],[0,1],[0,1],[0,1],[0,1],[1,0],[1,0],[1,0]]
Offres=[[1,0],[0,1],[1,0],[0,1],[1,0],[0,1],[1,0],[0,1],[1,0],[0,1]]
depl=[
47,27,19,26,33,42,28,26,43,10,12,31,19,41,33,39,34,14,8,25,34,27,42,42,25,33,36,23,34,8,34,31,21,17,43,7,2,12,37,14,8,4,34,14,
47,33,35,33,25,10,31,36,16,44,45,33,39,11,23,23,33,43,42,24,15,28,16,12,30,15,18,31,24,52,28,18,27,36,13,54,48,39,24,38,52,47,21,40,
27,33,9,35,9,34,3,4,21,31,17,5,34,23,33,15,42,15,27,23,27,31,20,23,32,23,32,6,35,27,9,24,18,11,23,31,27,28,12,28,27,24,13,13,
19,35,9,30,15,34,10,8,26,23,10,13,27,26,30,22,37,8,19,19,26,27,25,27,27,23,30,5,32,20,16,23,14,3,28,23,19,20,19,21,19,16,17,6,
26,33,35,30,35,25,35,37,38,17,32,39,9,32,11,39,9,32,18,14,20,7,37,35,4,21,16,30,11,33,38,18,17,29,37,32,27,14,38,12,33,28,33,30,
33,25,9,15,35,28,7,12,13,35,25,8,36,15,31,7,40,23,32,22,22,30,12,15,32,19,29,11,32,34,4,21,19,17,15,38,33,31,4,31,34,31,5,20,
42,10,34,34,25,28,32,37,22,37,42,35,31,16,14,28,23,40,36,18,9,20,22,18,22,11,9,31,15,48,31,12,23,34,19,49,44,33,28,31,48,43,24,38,
28,31,3,10,35,7,32,6,19,31,19,5,33,21,32,13,41,17,28,22,25,30,18,21,31,22,31,6,34,29,7,23,18,12,21,32,28,28,10,29,28,25,11,15,
26,36,4,8,37,12,37,6,24,31,15,6,34,26,36,18,43,13,27,25,30,33,23,26,34,26,35,7,37,25,11,27,20,10,26,29,25,28,15,29,25,23,16,12,
43,16,21,26,38,13,22,19,24,42,36,20,40,7,30,8,40,34,39,24,20,32,2,4,34,17,26,22,31,45,14,20,24,28,3,48,43,38,10,37,45,41,9,31,
10,44,31,23,17,35,37,31,31,42,20,35,9,39,26,41,25,21,4,20,30,19,41,41,17,29,29,26,26,18,37,27,19,21,42,16,12,5,38,6,18,14,35,20,
12,45,17,10,32,25,42,19,15,36,20,21,27,36,36,31,40,3,17,25,34,31,35,37,30,31,37,15,37,10,26,30,20,9,38,14,11,20,29,21,10,9,27,5,
31,33,5,13,39,8,35,5,6,20,35,21,38,23,36,13,45,19,32,26,29,34,19,22,35,25,35,10,38,31,6,27,22,15,22,35,31,32,10,33,31,28,12,18,
19,39,34,27,9,36,31,33,34,40,9,27,38,36,19,40,17,27,11,17,25,12,40,38,10,25,23,28,19,26,38,22,17,25,40,25,20,8,39,6,26,22,34,25,
41,11,23,26,32,15,16,21,26,7,39,36,23,36,24,13,34,34,36,20,14,26,7,3,29,12,20,22,25,44,17,15,21,27,5,46,41,34,14,34,44,40,11,31,
33,23,33,30,11,31,14,32,36,30,26,36,36,19,24,33,11,35,26,11,11,7,29,27,9,13,5,29,2,40,34,11,17,30,28,39,34,22,33,20,39,34,27,32,
34,33,42,37,9,40,23,41,43,40,25,40,45,17,34,11,43,40,27,19,21,11,39,37,11,23,15,37,10,42,43,21,24,36,39,41,36,23,42,21,42,37,37,38,
26,33,35,30,35,25,35,37,38,17,32,39,9,32,11,39,9,32,18,14,20,7,37,35,4,21,16,30,11,33,38,18,17,29,37,32,27,14,38,12,33,28,33,30,
14,43,15,8,32,23,40,17,13,34,21,3,19,27,34,35,29,40,17,24,32,30,33,35,29,30,36,13,36,12,23,29,19,7,35,16,13,20,26,21,12,10,25,3,
8,42,27,19,18,32,36,28,27,39,4,17,32,11,36,26,38,27,17,19,28,19,38,38,18,27,29,22,26,16,34,25,16,18,40,15,10,5,35,6,15,11,32,17,
25,24,23,19,14,22,18,22,25,24,20,25,26,17,20,11,25,19,24,19,10,9,24,22,10,9,12,18,13,31,25,7,6,19,24,31,26,16,24,15,30,25,19,22,
34,15,27,26,20,22,9,25,30,20,30,34,29,25,14,11,24,21,32,28,10,14,19,17,16,4,7,23,12,40,26,4,14,26,18,41,35,25,23,24,40,35,18,29,
27,28,31,27,7,30,20,30,33,32,19,31,34,12,26,7,34,11,30,19,9,14,31,29,3,15,11,26,8,34,33,12,13,26,31,33,28,15,32,14,33,28,27,27,
42,12,23,27,35,15,18,21,26,4,41,37,22,38,3,27,11,37,35,38,22,17,29,4,31,14,23,23,28,46,17,17,23,28,2,48,43,36,13,36,45,41,11,32,
28,31,3,10,35,7,32,6,19,31,19,5,33,21,32,13,41,17,28,22,25,30,18,21,31,22,31,6,34,29,7,23,18,12,21,32,28,28,10,29,28,25,11,15,
25,30,32,27,4,32,22,31,34,34,17,30,35,10,29,9,35,11,29,18,10,16,3,33,31,17,13,27,9,33,34,14,14,26,33,32,27,14,34,12,32,27,29,27,
33,15,23,23,21,19,11,22,26,17,29,31,25,25,12,13,21,23,30,27,9,4,15,17,14,17,10,20,15,38,22,3,12,24,16,39,34,25,20,24,38,33,15,27,
36,18,32,30,16,29,9,31,35,26,29,37,35,23,20,5,30,15,36,29,12,7,11,26,23,13,10,28,6,42,32,9,17,30,24,42,37,25,30,23,42,37,25,33,
23,31,6,5,30,11,31,6,7,22,26,15,10,28,22,29,17,37,13,22,18,23,26,21,23,27,20,28,30,24,12,20,13,7,23,27,23,23,14,23,24,21,13,10,
34,24,35,32,11,32,15,34,37,31,26,37,38,19,25,2,35,10,36,26,13,12,8,31,28,9,15,6,30,41,35,12,18,31,30,40,35,22,34,21,40,35,29,33,
8,52,27,20,33,34,48,29,25,45,18,10,31,26,44,40,41,42,12,16,31,40,34,44,46,33,38,42,24,41,35,37,26,18,46,5,7,20,38,22,1,6,36,14,
34,28,9,16,38,4,31,7,11,14,37,26,6,38,17,34,7,43,23,34,25,26,33,13,17,34,22,32,12,35,35,24,22,18,16,39,34,33,4,34,35,32,8,21,
31,18,24,23,18,21,12,23,27,20,27,30,27,22,15,11,23,21,29,25,7,4,12,19,17,14,3,9,20,12,37,24,11,23,19,37,32,22,22,21,36,31,17,26,
21,27,18,14,17,19,23,18,20,24,19,20,22,17,21,17,24,24,19,16,6,14,13,23,23,14,12,17,13,18,26,22,11,14,24,27,22,14,22,14,26,21,17,16,
43,13,23,28,37,15,19,21,26,3,42,38,22,40,5,28,11,39,35,40,24,18,31,4,2,33,16,24,23,30,46,16,19,24,29,49,44,38,13,37,46,42,11,33,
34,33,42,37,9,40,23,41,43,40,25,40,45,17,34,11,43,40,27,19,21,11,39,37,11,23,15,37,10,42,43,21,24,36,39,41,36,23,42,21,42,37,37,38,
7,54,31,23,32,38,49,32,29,48,16,14,35,25,46,39,44,41,16,15,31,41,33,47,48,32,39,42,27,40,5,39,37,27,21,49,6,19,41,20,5,7,39,18,
2,48,27,19,27,33,44,28,25,43,12,11,31,20,41,34,39,36,13,10,26,35,28,42,43,27,34,37,23,35,7,34,32,22,17,44,6,14,37,16,6,3,34,14,
12,39,28,20,14,31,33,28,28,38,5,20,32,8,34,22,37,23,20,5,16,25,15,37,36,14,25,25,23,22,20,33,22,14,19,38,19,14,34,2,19,15,31,19,
37,24,12,19,38,4,28,10,15,10,38,29,10,39,14,33,3,42,26,35,24,23,32,9,13,34,20,30,14,34,38,4,22,22,21,13,41,37,34,34,38,35,6,24,
14,38,28,21,12,31,31,29,29,37,6,21,33,6,34,20,37,21,21,6,15,24,14,36,36,12,24,23,23,21,22,34,21,14,20,37,20,16,2,34,21,17,30,20,
14,38,28,21,12,31,31,29,29,37,6,21,33,6,34,20,37,21,21,6,15,24,14,36,36,12,24,23,23,21,22,34,21,14,20,37,20,16,2,34,21,17,30,20,
33,15,23,23,21,19,11,22,26,17,29,31,25,25,12,13,21,23,30,27,9,4,15,17,14,17,10,20,15,38,22,3,12,24,16,39,34,25,20,24,38,33,15,27,
34,21,13,17,33,5,24,11,16,9,35,27,12,34,11,27,7,37,25,32,19,18,27,8,11,29,15,25,13,29,36,8,17,17,19,11,39,34,31,6,30,36,32,23,
14,40,13,6,30,20,38,15,12,31,20,5,18,25,31,32,27,38,3,17,22,29,27,30,32,27,27,33,10,33,14,21,26,16,4,33,18,14,19,24,20,14,11,23,
23,25,16,13,20,16,22,16,18,22,21,20,20,20,19,18,21,26,19,18,7,14,15,21,21,16,11,18,12,19,27,19,11,3,13,22,29,23,17,19,16,27,22,15,16,
23,25,16,13,20,16,22,16,18,22,21,20,20,20,19,18,21,26,19,18,7,14,15,21,21,16,11,18,12,19,27,19,11,3,13,22,29,23,17,19,16,27,22,15,16]
WindowsC=[[0,103],[89,203],[214,440],[293,461],[434,653],[0,109],[57,267],[78,280],[240,395],[333,504],[0,112],[0,208],[118,332],[158,422],[384,542],[0,93],[0,133],[160,389],[465,618],[0,84],[76,227],[123,290],[145,370],[266,448],[0,109],[224,407],[307,566],[488,612],[0,92],[75,156],[225,455],[271,468],[380,526],[0,87],[0,136],[77,276],[276,510],[0,118],[0,163],[102,319],[193,380],[298,455],[0,90],[460,626],[492,672]]
DureeDeVisite=[[62,62],[122,0],[69,0],[0,118],[27,27],[93,0],[43,0],[75,75],[98,0],[85,0],[55,0],[78,0],[63,0],[87,0],[91,0],[13,0],[89,0],[72,0],[24,0],[101,0],[0,45],[0,55],[83,0],[0,102],[0,49],[0,103],[0,88],[0,81],[0,73],[0,145],[0,37],[0,53],[0,37],[32,0],[99,0],[69,0],[0,80],[0,45],[0,63],[0,94],[0,75],[0,50],[36,0],[41,0],[37,0]]
WindowsD=[[0,672],[0,672],[0,672],[0,672],[0,672],[0,672],[0,672],[0,672],[0,672],[0,672]]
CoutPref=[
[-5.402930,-2.305850,3.514730,1.727930,3.886720,2.225740,-2.776730,9.643500,4.058550,1.306600],
[7.016250,-9.223290,-8.859560,6.903800,-0.296254,-1.460840,7.654980,8.922490,-4.525370,-8.093430],
[2.280380,1.362530,-9.252480,6.748180,3.780480,3.799510,7.142630,0.672359,-1.827950,5.340350],
[7.469550,-3.782190,7.274990,-3.315950,4.678850,2.721480,-5.136690,-5.543670,-3.409430,-8.418650],
[-8.832810,-1.499040,9.157430,-4.540330,-5.884400,-6.130990,2.047650,4.253010,-7.010110,-5.752750],
[-6.508220,-6.131950,4.462220,5.573230,5.360740,-9.972600,-5.663760,-8.151940,8.270710,2.056240],
[-9.917660,2.085940,-6.979420,5.198070,-2.145790,-1.831560,4.155790,-3.439510,6.657550,9.681660],
[8.633630,-0.557902,-3.775180,6.543810,-8.434790,-1.003470,0.048903,8.975210,6.404320,0.853897],
[4.628870,-7.557180,-0.269779,6.692700,6.414940,-2.137050,2.618340,-1.326580,-2.680770,0.986828],
[-0.755463,0.932399,-7.596890,-3.603030,-0.350772,8.656680,-1.169650,4.251410,-9.005250,9.916630],
[-8.741020,0.677674,9.657990,-1.903460,2.573970,2.153900,-3.076870,-6.196470,9.964980,-0.591787],
[3.893430,0.519003,-4.730430,-0.638261,-1.006090,-2.357250,7.634810,5.003940,6.735650,3.657230],
[-8.064240,-7.120760,-1.171520,.112516,5.948580,8.297910,-5.359620,-5.876980,8.135910,-4.941800],
[-6.880990,3.856060,-2.667410,1.439680,9.877700,-1.764400,2.447220,2.814840,4.450160,1.985050],
[-0.654917,8.138250,2.787640,-5.409410,-6.868400,1.172680,6.239960,0.635872,-9.845260,-1.079860],
[0.900945,5.582420,8.528770,4.213870,-6.690050,6.333230,0.977292,-1.193580,-6.218010,4.537370],
[-2.310400,-0.136553,-8.439920,-5.578890,5.885780,-6.030080,1.425250,0.532077,-1.898600,-1.697220],
[-9.222570,2.510950,-1.359190,0.374964,-3.157620,6.678830,-5.289670,4.460890,5.686460,-6.511300],
[9.470270,-2.854140,4.731900,7.857520,-3.046720,7.426210,-0.592002,-6.338590,-7.238080,1.225110],
[-9.334220,-5.240250,-6.883110,3.878750,-3.517840,-5.330370,-7.916950,1.739360,8.142520,7.567030],
[-0.552677,4.258470,0.526698,-3.660170,3.529630,-0.571409,1.686290,8.325440,-5.631230,8.976820],
[0.389432,9.385880,1.798850,-2.791810,1.206700,7.093950,0.999072,-7.968960,-2.298810,-1.945220],
[-7.946670,0.180205,3.364520,1.591520,-0.593585,-0.028896,1.039580,-1.399680,-3.256100,-9.633080],
[-8.732050,-5.192440,-5.081500,6.282590,-7.880660,4.279500,-2.979490,8.774480,-7.129940,-4.099270],
[-6.397520,-8.206240,1.956020,5.619770,6.410450,9.782590,0.136325,-1.915780,-8.668530,-3.188440],
[-0.372560,-0.285485,8.658330,-9.856180,9.837470,-4.449820,7.383660,-1.329290,7.026750,-3.628580],
[-0.058085,-7.667140,2.383360,2.327110,7.463700,0.357427,1.967090,8.287850,-5.894520,-2.331560],
[8.162370,-1.106120,-8.294140,-8.861150,-1.881890,4.992740,-7.287280,6.489710,3.009260,0.732773],
[-6.459860,4.941020,9.047770,1.393540,-3.376650,2.890410,-8.799590,-1.449700,8.747360,7.086010],
[-5.451740,3.481400,7.474690,-0.608699,-1.383640,1.311260,-3.494970,3.504120,-1.588290,-6.513040],
[-2.289740,3.334860,0.141456,4.313660,1.967670,-9.904720,-2.966380,5.555740,1.193670,2.189090],
[6.368330,-1.040750,7.238700,1.787250,-4.589120,-6.793280,0.875963,9.350760,-5.576680,9.553900],
[7.575000,1.534410,-3.958140,8.552590,2.952280,6.384520,3.454470,-4.849660,0.792456,-3.650420],
[8.240110,-6.823810,8.892640,1.497120,1.981770,2.666080,-4.996950,-1.951280,9.376490,4.502070],
[-7.905280,7.954950,-7.971830,1.880840,-1.845160,-7.575430,7.560800,-6.175260,5.070350,2.422890],
[8.233070,-3.101650,0.889081,-7.673300,4.606790,-7.376150,-9.742580,6.795750,-8.794640,1.521390],
[2.090360,-1.955180,8.147170,8.505720,2.751110,9.952250,-4.731310,-5.996460,3.610270,-4.692110],
[6.599130,-9.961850,-8.698690,-6.351780,8.865050,9.448790,8.656780,6.143390,-7.896860,-8.551770],
[4.427280,-4.031000,-1.983820,0.730335,5.825560,-2.092820,-8.503160,2.665450,-3.201210,-4.334790],
[6.587370,-9.031570,8.458280,-6.083360,9.233890,4.263380,5.581210,-1.936960,-4.097780,-7.383580],
[2.491910,7.744770,-3.067670,1.382350,2.081290,-6.512420,4.680920,-1.089250,0.632861,4.918800],
[-5.129880,-5.915330,1.106150,-0.243720,-1.562460,7.112490,2.256410,2.871750,-4.262410,9.859380],
[-7.677620,-9.782080,3.467130,9.169930,7.849990,-8.092480,6.230520,-5.048300,7.669700,7.184550],
[5.030220,-4.663450,-9.887320,-3.164730,-0.080090,-6.426780,6.125400,1.190460,-5.805820,9.920680],
[-3.330110,7.797660,-0.821067,-3.702410,-2.880090,9.270680,-7.784200,7.535940,3.698430,7.618250]]
gap=[0,-1,-1,-1,0,-1,-1,0,-1,-1,-1,-1,-1,-1,-1,-1,-1,-1,-1,-1,-1,-1,-1,-1,-1,-1,-1,-1,-1,-1,-1,-1,-1,-1,-1,-1,-1,-1,-1,-1,-1,-1,-1,-1,-1]