NbVehicules=16
NbClients=73
NbServices=2
Demandes=[[1,1],[1,0],[0,1],[1,1],[1,0],[0,1],[1,0],[0,1],[1,1],[0,1],[0,1],[1,0],[0,1],[1,0],[0,1],[1,0],[0,1],[1,0],[1,0],[0,1],[1,0],[1,0],[1,0],[0,1],[1,0],[1,0],[1,0],[0,1],[0,1],[1,0],[0,1],[1,0],[0,1],[1,0],[0,1],[1,0],[0,1],[1,0],[0,1],[1,0],[0,1],[1,0],[0,1],[1,0],[0,1],[0,1],[1,0],[0,1],[1,0],[1,0],[0,1],[1,0],[1,0],[0,1],[1,0],[0,1],[1,0],[0,1],[1,0],[0,1],[1,0],[0,1],[1,0],[1,0],[0,1],[1,0],[0,1],[1,0],[0,1],[1,0],[0,1],[1,0],[0,1]]
Offres=[[1,0],[0,1],[1,0],[0,1],[1,0],[0,1],[1,0],[0,1],[1,0],[0,1],[1,0],[0,1],[1,0],[0,1],[1,0],[0,1]]
depl=[
11,42,28,43,12,10,42,8,21,31,31,41,29,47,32,14,47,9,45,24,41,39,35,9,19,46,26,21,34,13,25,32,26,8,42,33,21,33,38,10,12,43,29,44,13,11,43,9,22,32,32,42,30,48,33,15,48,10,46,25,42,40,36,10,20,47,27,22,35,14,26,33,
11,32,26,34,5,14,33,4,19,22,21,30,24,38,30,7,37,11,35,24,30,28,29,11,9,37,21,12,25,15,23,22,25,13,34,25,11,22,27,12,10,33,27,35,6,15,34,5,20,23,22,31,25,39,31,8,38,12,36,25,31,29,30,12,10,38,22,13,26,16,24,23,
42,32,35,11,31,39,13,35,34,16,25,11,26,14,36,33,11,41,6,38,18,11,27,37,27,15,27,30,17,38,35,11,37,40,18,15,24,16,11,43,33,10,36,12,32,40,14,36,35,17,26,12,27,15,37,34,12,42,7,39,19,12,28,38,28,16,28,31,18,39,36,12,
28,26,35,28,22,19,26,25,8,20,42,41,9,31,5,33,33,34,33,5,45,39,12,19,32,29,9,36,19,16,4,32,3,21,23,20,31,37,38,29,27,36,10,29,23,20,27,26,9,21,43,42,10,32,6,34,34,35,34,6,46,40,13,20,33,30,10,37,20,17,5,33,
43,34,11,28,31,38,3,36,30,12,34,22,20,5,29,38,5,44,6,32,29,21,18,36,32,5,22,36,11,36,30,18,30,39,8,11,29,24,21,44,35,12,29,10,32,39,4,37,31,13,35,23,21,6,30,39,6,45,7,33,30,22,19,37,33,6,23,37,12,37,31,19,
12,5,31,22,31,11,30,5,15,20,24,30,19,35,26,12,35,15,33,20,32,29,25,8,12,34,16,16,22,11,19,21,21,11,31,21,13,23,28,13,6,32,23,32,10,12,31,6,16,21,25,31,20,36,27,13,36,16,34,21,33,30,26,9,13,35,17,17,23,12,20,22,
10,14,39,19,38,11,36,11,11,26,34,40,21,41,23,20,42,18,40,15,42,39,26,3,22,40,18,25,27,3,15,31,16,3,35,27,23,33,38,11,15,40,20,39,12,10,37,12,12,27,35,41,22,42,24,21,43,19,41,16,43,40,27,4,23,41,19,26,28,4,16,32,
42,33,13,26,3,30,36,35,28,11,34,23,18,6,27,37,7,43,8,30,30,22,16,35,31,5,20,36,9,35,28,19,29,38,6,9,29,25,22,43,34,14,27,4,31,37,10,36,29,12,35,24,19,7,28,38,8,44,9,31,31,23,17,36,32,6,21,37,10,36,29,20,
8,4,35,25,36,5,11,35,18,24,24,33,24,40,29,10,39,10,37,22,34,32,30,8,13,39,20,16,27,12,22,25,24,10,35,26,14,26,31,9,5,36,26,37,6,12,36,10,19,25,25,34,25,41,30,11,40,11,38,23,35,33,31,9,14,40,21,17,28,13,23,26,
21,19,34,8,30,15,11,28,18,19,36,38,11,33,12,26,34,27,34,6,42,37,16,12,25,32,9,30,20,9,5,29,7,13,26,20,25,33,35,22,20,35,9,31,16,12,29,19,10,20,37,39,12,34,13,27,35,28,35,7,43,38,17,13,26,33,10,31,21,10,6,30,
31,22,16,20,12,20,26,11,24,19,27,21,12,16,22,27,16,33,15,23,27,20,14,24,22,15,12,26,4,25,20,13,22,27,12,3,20,19,19,32,23,17,21,13,21,27,12,25,20,10,28,22,13,17,23,28,17,34,16,24,28,21,15,25,23,16,13,27,5,26,21,14,
31,21,25,42,34,24,34,34,24,36,27,17,36,38,45,17,35,25,31,42,13,16,40,31,12,38,33,10,31,35,40,16,42,33,38,29,12,10,16,32,22,26,43,35,25,35,35,25,37,28,10,18,37,39,46,18,36,26,32,43,14,17,41,32,13,39,34,11,32,36,41,17,
41,30,11,41,22,30,40,23,33,38,21,17,32,24,43,29,21,37,17,42,8,2,34,38,23,25,32,24,24,40,40,10,42,41,28,22,20,9,3,42,31,12,42,23,31,41,24,34,39,22,18,10,33,25,44,30,22,38,18,43,9,3,35,39,24,26,33,25,25,41,41,11,
29,24,26,9,20,19,21,18,24,11,12,36,32,23,11,30,24,33,25,13,38,31,6,20,27,21,4,32,10,19,10,24,11,23,16,12,26,29,30,30,25,27,10,21,20,22,19,25,12,13,37,33,10,24,12,31,25,34,26,14,39,32,7,21,28,22,5,33,11,20,11,25,
47,38,14,31,5,35,41,6,40,33,16,38,24,23,31,42,4,48,8,35,32,24,20,40,36,2,25,40,15,40,33,22,33,43,9,15,33,28,24,48,39,15,32,6,36,42,7,41,34,17,39,25,24,10,32,43,5,49,9,36,33,25,21,41,37,3,26,41,16,41,34,23,
32,30,36,5,29,26,23,27,29,12,22,45,43,11,31,37,33,39,34,9,48,42,11,24,35,29,12,40,20,20,8,34,7,25,23,22,35,40,41,33,31,37,6,30,27,24,28,30,13,23,46,44,12,32,10,38,34,40,35,10,49,43,12,25,36,30,13,41,21,21,9,35,
14,7,33,33,38,12,20,37,10,26,27,17,29,30,42,37,40,9,37,31,28,28,36,17,7,41,27,7,30,22,30,23,32,19,39,29,10,21,27,15,8,34,34,39,13,21,38,11,27,28,18,30,31,43,38,10,41,10,38,32,29,29,37,18,8,42,28,8,31,23,31,24,
47,37,11,33,5,35,42,7,39,34,16,35,21,24,4,33,40,47,5,36,28,21,22,40,34,6,26,38,15,40,34,20,35,43,11,15,32,25,21,48,38,12,34,6,36,43,8,40,35,17,36,22,25,5,34,41,10,48,6,37,29,22,23,41,35,7,27,39,16,41,35,21,
9,11,41,34,44,15,18,43,10,27,33,25,37,33,48,39,9,47,44,31,36,36,39,16,15,47,30,15,36,20,31,30,33,16,44,35,18,29,35,10,12,42,35,45,16,19,44,11,28,34,26,38,34,49,40,10,48,10,45,32,37,37,40,17,16,48,31,16,37,21,32,31,
45,35,6,33,6,33,40,8,37,34,15,31,17,25,8,34,37,5,44,37,24,17,24,39,31,9,26,34,15,39,34,16,35,41,14,14,28,21,17,46,36,7,34,7,34,41,9,38,35,16,32,18,26,9,35,38,6,45,10,38,25,18,25,40,32,10,27,35,16,40,35,17,
24,24,38,5,32,20,15,30,22,6,23,42,42,13,35,9,31,36,31,37,46,41,16,16,31,33,12,35,22,12,3,33,3,17,27,23,31,38,40,25,25,39,6,33,21,16,31,23,7,24,43,43,14,36,10,32,37,32,38,10,47,42,17,17,32,34,13,36,23,13,4,34,
41,30,18,45,29,32,42,30,34,42,27,13,8,38,32,48,28,28,36,24,46,8,40,39,22,33,36,22,30,42,44,14,46,42,35,28,20,9,8,42,31,19,46,30,33,43,31,35,43,28,14,9,39,33,49,29,29,37,25,47,10,9,41,40,23,34,37,23,31,43,45,15,
39,28,11,39,21,29,39,22,32,37,20,16,2,31,24,42,28,21,36,17,41,8,33,36,21,25,30,23,23,39,39,9,40,39,27,21,19,7,2,40,29,12,40,22,30,40,23,33,38,21,17,3,32,25,43,29,22,37,18,42,9,10,34,37,22,26,31,24,24,40,40,10,
35,29,27,12,18,25,26,16,30,16,14,40,34,6,20,11,36,22,39,24,16,40,33,26,32,18,10,37,11,24,14,27,14,28,12,13,31,33,32,36,30,28,13,19,26,27,17,31,17,15,41,35,7,21,12,37,23,40,25,17,41,34,10,27,33,19,11,38,12,25,15,28,
9,11,37,19,36,8,3,35,8,12,24,31,38,20,40,24,17,40,16,39,16,39,36,26,19,39,17,23,26,5,16,29,18,3,34,26,20,31,35,10,12,38,20,37,9,4,36,9,13,25,32,39,21,41,25,18,41,17,40,17,40,37,27,10,20,40,18,24,27,6,17,30,
19,9,27,32,32,12,22,31,13,25,22,12,23,27,36,35,7,34,15,31,31,22,21,32,19,35,24,5,25,23,29,16,31,22,34,24,3,15,20,20,10,28,33,33,13,23,32,14,26,23,13,24,28,37,36,8,35,16,32,32,23,22,33,20,10,36,25,6,26,24,30,17,
46,37,15,29,5,34,40,5,39,32,15,38,25,21,2,29,41,6,47,9,33,33,25,18,39,35,23,40,13,38,31,22,31,41,7,13,33,28,25,47,38,16,30,6,35,41,6,40,33,16,39,26,22,3,30,42,7,48,10,34,34,26,19,40,36,10,24,41,14,39,32,23,
26,21,27,9,22,16,18,20,20,9,12,33,32,4,25,12,27,26,30,26,12,36,30,10,17,24,23,29,11,16,9,23,10,20,18,12,23,28,29,27,22,28,10,23,17,19,21,21,10,13,34,33,5,26,13,28,27,31,27,13,37,31,11,18,25,24,10,30,12,17,10,24,
21,12,30,36,36,16,25,36,16,30,26,10,24,32,40,40,7,38,15,34,35,22,23,37,23,5,40,29,30,27,34,19,36,25,38,28,7,16,22,22,13,31,37,37,17,26,37,17,31,27,11,25,33,41,41,8,39,16,35,36,23,24,38,24,6,41,30,10,31,28,35,20,
34,25,17,19,11,22,27,9,27,20,4,31,24,10,15,20,30,15,36,15,22,30,23,11,26,25,13,11,30,26,20,17,21,29,9,3,23,23,22,35,26,18,20,12,23,28,10,28,21,5,32,25,11,16,21,31,16,37,16,23,31,24,12,27,26,14,12,31,10,27,21,18,
13,15,38,16,36,11,3,35,12,9,25,35,40,19,40,20,22,40,20,39,12,42,39,24,5,23,38,16,27,26,12,31,14,5,33,26,24,34,37,14,16,39,17,37,12,4,36,13,10,26,36,41,20,41,21,23,41,21,40,13,43,40,25,6,24,39,17,28,27,10,13,32,
25,23,35,4,30,19,15,28,22,5,20,40,40,10,33,8,30,34,31,34,3,44,39,14,16,29,31,9,34,20,12,31,2,17,25,21,29,35,38,26,24,36,5,31,20,16,29,23,6,21,41,41,11,34,9,31,35,32,35,4,45,40,15,17,30,32,10,35,21,13,10,32,
32,22,11,32,18,21,31,19,25,29,13,16,10,24,22,34,23,20,30,16,33,14,9,27,29,16,22,23,19,17,31,31,32,31,23,15,13,7,7,33,23,12,33,19,22,32,20,26,30,14,17,11,25,23,35,24,21,31,17,34,15,10,28,30,17,23,24,20,18,32,32,10,
26,25,37,3,30,21,16,29,24,7,22,42,42,11,33,7,32,35,33,35,3,46,40,14,18,31,31,10,36,21,14,2,32,19,25,22,31,37,39,27,26,38,4,31,22,17,30,25,8,23,43,43,12,34,8,33,36,34,36,4,47,41,15,19,32,32,11,37,22,15,3,33,
8,13,40,21,39,11,3,38,10,13,27,33,41,23,43,25,19,43,16,41,17,42,39,28,3,22,41,20,25,29,5,17,31,19,37,29,23,33,38,9,14,41,22,40,12,4,39,11,14,28,34,42,24,44,26,20,44,17,42,18,43,40,29,4,23,42,21,26,30,6,18,32,
42,34,18,23,8,31,35,6,35,26,12,38,28,16,9,23,39,11,44,14,27,35,27,12,34,34,7,18,38,9,33,25,23,25,37,10,32,29,27,43,35,19,24,9,32,36,7,36,27,13,39,29,17,10,24,40,12,45,15,28,36,28,13,35,35,8,19,39,10,34,26,24,
33,25,15,20,11,21,27,9,26,20,3,29,22,12,15,22,29,15,35,14,23,28,21,13,26,24,13,12,28,3,26,21,15,22,29,10,22,21,20,34,26,16,21,12,22,28,10,27,21,4,30,23,13,16,23,30,16,36,15,24,29,22,14,27,25,14,13,29,4,27,22,16,
21,11,24,31,29,13,23,29,14,25,20,12,20,26,33,35,10,32,18,28,31,20,19,31,20,3,33,23,7,23,24,29,13,31,23,32,22,12,18,22,12,25,32,30,14,24,30,15,26,21,13,21,27,34,36,11,33,19,29,32,21,20,32,21,4,34,24,8,24,25,30,14,
33,22,16,37,24,23,33,25,26,33,19,10,9,29,28,40,21,25,29,21,38,9,7,33,31,15,28,28,16,23,34,35,7,37,33,29,21,12,6,34,23,17,38,25,24,34,26,27,34,20,11,10,30,29,41,22,26,30,22,39,10,8,34,32,16,29,29,17,24,35,36,8,
38,27,11,38,21,28,38,22,31,35,19,16,3,30,24,41,27,21,35,17,40,8,2,32,35,20,25,29,22,22,37,38,7,39,38,27,20,18,6,39,28,12,39,22,29,39,23,32,36,20,17,4,31,25,42,28,22,36,18,41,9,3,33,36,21,26,30,23,23,38,39,8,
15,9,34,34,38,13,21,38,11,27,28,16,29,31,42,39,2,41,9,38,33,27,28,37,19,7,42,28,6,31,23,31,23,33,20,40,30,10,21,27,10,35,35,39,14,22,39,12,28,29,17,30,32,43,40,3,42,10,39,34,28,29,38,20,8,43,29,7,32,24,32,24,
26,16,18,21,18,14,22,17,18,18,7,22,20,14,22,24,21,21,27,19,22,25,19,18,20,15,21,12,20,10,21,20,11,22,23,19,9,14,16,18,27,19,22,19,15,23,18,19,19,8,23,21,15,23,25,22,22,28,20,23,26,20,19,21,16,22,13,21,11,22,21,12,
27,21,25,11,20,17,19,18,21,11,10,33,30,3,23,13,28,24,31,24,13,35,29,9,19,24,22,2,29,10,17,11,22,12,21,16,10,23,27,28,28,22,12,21,18,20,19,22,12,11,34,31,4,24,14,29,25,32,25,14,36,30,10,20,25,23,3,30,11,18,12,23,
24,18,26,11,22,14,16,21,18,9,11,31,30,6,26,15,24,26,28,26,12,35,29,12,15,22,24,3,27,12,14,10,21,12,18,19,12,21,26,28,25,19,27,23,15,17,22,19,10,12,32,31,7,27,16,25,27,29,27,13,36,30,13,16,23,25,4,28,13,15,11,22,
32,21,14,35,22,22,32,23,25,31,17,12,9,27,26,38,21,23,29,20,36,11,8,30,30,14,26,26,16,21,32,34,5,35,32,27,19,12,3,6,33,22,15,36,23,33,24,26,32,18,13,10,28,27,39,22,24,30,21,37,12,9,31,31,15,27,27,17,22,33,35,6,
28,26,34,2,27,21,18,25,24,8,19,41,39,8,30,5,32,32,34,32,6,44,38,11,19,31,28,8,35,18,16,4,30,4,20,22,19,30,36,37,29,27,35,3,28,19,26,25,9,20,42,40,9,31,6,33,33,35,33,7,45,39,12,20,32,29,9,36,19,17,5,31,
34,26,16,20,10,22,28,9,27,20,4,31,23,11,14,21,30,14,36,14,23,29,22,11,27,25,13,12,30,1,26,20,16,21,29,9,2,23,22,22,35,27,17,21,11,23,10,28,21,5,32,24,12,15,22,31,15,37,15,24,30,23,12,28,26,14,13,31,2,27,21,17,
4,9,39,25,40,9,8,39,5,18,28,29,38,26,44,29,13,43,10,41,22,39,37,31,6,17,43,22,20,30,10,22,30,23,6,38,30,19,30,35,5,10,40,26,41,10,9,6,19,29,30,39,27,45,30,14,44,11,42,23,40,38,32,7,18,44,23,21,31,11,23,31,
31,28,33,5,25,24,22,23,28,11,18,42,39,7,28,4,35,30,37,30,10,44,38,8,23,33,26,9,38,16,20,8,31,7,24,19,18,32,36,37,32,29,34,6,26,25,23,24,12,19,43,40,8,29,5,36,31,38,31,11,45,39,9,24,34,27,10,39,17,21,9,32,
17,9,32,34,37,13,22,36,12,27,27,15,28,30,41,38,3,39,11,36,32,26,26,36,19,6,41,27,5,30,23,31,21,33,21,38,29,8,19,25,18,10,33,35,38,14,23,37,13,28,16,29,31,42,39,4,40,12,37,33,27,27,37,20,7,42,28,6,31,24,32,22,
37,29,16,21,8,26,31,6,30,23,7,34,25,12,11,21,34,12,39,13,24,31,24,11,30,29,10,14,33,4,29,22,19,23,32,5,5,27,25,23,38,30,17,22,9,27,32,7,31,24,35,26,13,12,22,35,13,40,14,25,32,25,12,31,30,11,15,34,5,30,23,20,
23,13,24,34,30,15,26,30,16,28,21,9,19,28,34,37,11,32,19,29,33,18,18,33,23,4,34,26,6,25,26,31,13,33,25,33,23,3,11,17,24,14,25,35,31,16,27,31,17,29,22,20,29,35,38,12,33,20,30,34,19,19,34,24,5,35,27,7,26,27,32,14,
23,23,38,7,33,19,13,31,21,5,24,41,43,14,36,10,30,38,30,38,2,46,41,18,15,30,35,12,35,23,11,4,33,4,15,29,24,30,38,40,24,24,39,8,34,20,14,32,22,6,25,42,15,37,11,31,39,31,39,3,47,42,19,16,31,36,13,36,24,12,5,34,
8,10,40,33,43,13,17,42,9,26,32,25,37,32,47,37,9,46,2,44,30,36,36,38,15,15,47,29,15,35,19,30,30,32,15,43,34,17,29,35,9,11,41,34,44,14,18,43,10,27,33,26,38,48,38,10,47,3,45,31,37,37,39,16,16,48,30,16,36,20,31,31,
10,5,33,22,33,3,9,32,4,14,21,25,33,20,37,26,12,37,13,35,19,34,31,26,6,14,36,17,17,24,10,19,24,21,9,32,23,14,25,30,11,6,34,23,34,4,10,33,5,15,22,26,34,21,27,13,38,14,36,20,35,32,27,7,15,37,18,18,25,11,20,25,
18,7,25,24,27,7,17,27,10,18,16,19,24,20,32,28,11,31,17,28,24,26,23,25,14,8,31,17,13,20,17,22,16,24,17,28,18,8,17,22,19,8,26,25,28,8,18,28,11,19,17,20,25,21,33,12,32,18,29,25,27,24,26,15,9,32,18,14,21,18,23,17,
33,24,11,25,11,21,29,11,26,23,5,25,17,16,15,26,27,14,34,12,27,23,16,18,27,21,15,16,25,8,28,25,10,26,30,14,6,19,16,15,34,25,12,26,12,22,30,12,27,24,6,26,18,17,16,27,15,35,13,28,24,17,19,28,22,16,17,26,9,29,26,11,
13,6,34,32,37,11,18,37,8,25,27,18,30,29,42,36,2,40,8,37,30,29,29,35,16,8,41,26,9,30,20,29,23,31,17,38,29,10,22,28,14,7,35,33,38,12,19,38,9,26,28,19,31,30,43,37,3,9,38,31,30,30,36,17,9,42,27,10,31,21,30,24,
20,13,27,15,25,9,14,23,13,10,13,28,29,11,28,19,20,29,23,27,15,32,28,17,12,17,27,8,22,15,12,13,20,15,15,23,14,17,24,27,21,14,28,16,26,10,15,24,14,11,14,29,30,12,29,20,21,30,28,16,33,29,18,13,18,28,9,23,16,13,14,21,
32,21,19,39,28,23,33,28,25,34,22,7,11,32,31,42,19,29,27,25,39,9,10,35,31,13,32,30,13,26,34,37,10,39,33,32,24,11,4,9,33,22,20,40,29,24,34,29,26,35,23,8,12,33,32,43,20,30,28,40,10,11,36,32,14,33,31,14,27,35,38,11,
41,30,6,38,17,30,39,18,33,36,18,21,6,29,19,40,31,16,39,12,40,13,6,30,37,24,20,29,27,20,39,37,9,39,40,23,18,22,11,6,42,31,7,39,18,31,40,19,34,37,19,22,7,30,20,41,32,17,40,13,14,7,31,38,25,21,30,28,21,40,38,10,
29,18,14,25,17,17,26,16,21,22,8,20,16,17,21,28,21,19,28,17,26,21,15,20,23,15,20,16,20,11,25,24,7,26,26,19,10,13,13,14,30,19,15,26,18,18,27,17,22,23,9,21,17,18,22,29,22,20,29,18,27,16,21,24,16,21,17,21,12,26,25,8,
36,26,15,40,25,27,37,26,29,36,22,12,6,32,28,42,24,25,32,21,41,6,5,35,34,18,29,31,19,25,37,39,9,40,37,30,23,16,4,5,37,27,16,41,26,28,38,27,30,37,23,13,7,33,29,43,25,26,33,22,42,7,36,35,19,30,32,20,26,38,40,10,
27,21,25,11,20,17,20,18,22,11,10,33,30,3,23,13,28,24,31,24,14,35,29,9,19,24,21,3,29,9,18,11,21,12,21,16,10,23,27,28,28,22,26,12,21,18,21,19,23,12,11,34,31,4,24,14,29,25,32,25,15,36,30,20,25,22,4,30,10,19,12,22,
41,32,11,27,2,29,36,3,34,29,11,32,21,19,7,28,36,6,42,7,31,28,20,18,34,30,6,20,34,9,34,28,17,29,37,8,9,27,23,20,42,33,12,28,3,30,37,4,35,30,12,33,22,20,8,29,37,7,43,8,32,29,21,19,31,7,21,35,10,35,29,18,
30,23,21,14,15,19,23,14,24,15,7,32,27,6,19,16,29,20,33,20,17,33,26,8,22,25,17,7,30,5,22,15,19,16,25,12,6,23,25,25,31,24,22,15,16,20,24,15,25,16,8,33,28,7,20,17,30,21,34,21,18,34,27,9,23,18,8,31,6,23,16,20,
7,14,41,22,40,12,4,39,10,15,29,34,42,24,44,26,19,44,16,43,18,43,40,30,5,22,43,21,25,30,6,18,33,20,2,38,30,23,34,39,8,15,42,23,41,13,5,40,11,16,30,35,43,25,45,27,20,45,17,44,19,44,41,31,6,23,22,26,31,7,19,34,
28,18,24,39,32,21,31,32,22,33,25,4,17,33,36,42,15,33,23,29,39,14,16,37,29,10,36,31,9,29,32,37,14,39,31,36,27,9,9,15,29,19,25,40,33,22,32,33,23,34,26,5,18,34,37,43,16,34,24,30,40,15,17,38,30,11,37,10,30,33,38,15,
27,16,22,36,29,19,29,30,20,31,22,6,16,30,33,39,14,31,22,27,36,14,15,34,26,8,33,28,9,26,30,34,12,36,29,33,24,6,8,14,28,17,23,37,30,20,30,31,21,32,23,7,17,31,34,40,15,32,23,28,37,15,16,35,27,9,34,29,27,31,35,13,
13,5,32,31,36,9,18,35,8,24,25,18,29,28,40,35,3,39,9,36,29,28,28,33,15,7,39,24,8,28,19,28,22,30,17,37,27,9,21,26,14,6,33,32,37,10,19,36,9,25,26,19,30,29,41,36,4,40,10,37,30,29,29,34,16,8,40,25,9,20,29,23,
13,6,31,20,31,2,10,30,6,13,19,25,31,18,35,24,13,34,16,32,18,32,29,24,8,13,34,15,17,21,11,17,22,19,10,30,21,14,24,28,14,7,32,21,32,3,11,31,7,14,20,26,32,19,36,25,14,35,17,33,19,33,30,25,9,14,35,16,18,22,18,23,
23,12,20,26,23,12,22,23,15,21,13,17,19,20,27,29,15,26,22,23,26,21,10,18,24,19,9,27,17,14,17,21,24,10,26,22,25,15,7,13,17,24,13,21,27,24,13,23,24,16,22,14,18,20,21,28,30,16,27,23,24,27,22,19,25,20,10,28,18,15,18,22,11,
41,30,18,45,29,32,42,30,34,42,27,13,8,38,32,48,28,28,36,24,46,10,8,40,39,22,33,36,22,30,42,44,14,46,42,35,28,20,9,8,42,31,19,46,30,33,43,31,35,43,28,14,9,39,33,49,29,29,37,25,47,9,41,40,23,34,37,23,31,43,45,
23,13,21,21,21,11,19,20,15,17,10,22,22,15,25,24,18,25,23,22,22,25,21,19,17,13,25,12,18,13,19,19,13,21,20,22,12,12,17,19,24,14,22,22,22,12,20,21,16,18,11,23,23,16,26,25,19,26,24,23,23,26,22,20,18,14,26,13,19,14,20,20,14,
23,13,21,21,21,11,19,20,15,17,10,22,22,15,25,24,18,25,23,22,22,25,21,19,17,13,25,12,18,13,19,19,13,21,20,22,12,12,17,19,24,14,22,22,22,12,20,21,16,18,11,23,23,16,26,25,19,26,24,23,23,26,22,20,18,14,26,13,19,14,20,20,14]
WindowsC=[[0,718],[0,718],[0,718],[0,718],[0,718],[0,718],[0,718],[0,718],[0,718],[0,718],[0,718],[0,718],[0,718],[0,718],[0,718],[0,718],[0,718],[0,718],[0,718],[0,718],[0,718],[0,718],[0,718],[0,718],[0,718],[0,718],[0,718],[0,718],[0,718],[0,718],[0,718],[0,718],[0,718],[0,718],[0,718],[0,718],[0,718],[0,718],[0,718],[0,718],[0,718],[0,718],[0,718],[0,718],[0,718],[0,718],[0,718],[0,718],[0,718],[0,718],[0,718],[0,718],[0,718],[0,718],[0,718],[0,718],[0,718],[0,718],[0,718],[0,718],[0,718],[0,718],[0,718],[0,718],[0,718],[0,718],[0,718],[0,718],[0,718],[0,718],[0,718],[0,718],[0,718]]
DureeDeVisite=[[77,77],[127,0],[0,54],[117,117],[102,0],[0,100],[29,0],[0,85],[68,68],[0,137],[0,86],[155,0],[0,102],[141,0],[0,74],[123,0],[0,152],[116,0],[98,0],[0,107],[170,0],[78,0],[65,0],[0,82],[78,0],[51,0],[70,0],[0,67],[0,103],[113,0],[0,57],[114,0],[0,70],[109,0],[0,172],[63,0],[0,65],[56,0],[0,155],[113,0],[0,133],[81,0],[0,179],[51,0],[0,138],[0,12],[106,0],[0,82],[95,0],[121,0],[0,96],[113,0],[86,0],[0,151],[70,0],[0,79],[134,0],[0,148],[93,0],[0,63],[91,0],[0,54],[120,0],[135,0],[0,110],[121,0],[0,88],[74,0],[0,96],[107,0],[0,21],[162,0],[0,78]]
WindowsD=[[0,718],[0,718],[0,718],[0,718],[0,718],[0,718],[0,718],[0,718],[0,718],[0,718],[0,718],[0,718],[0,718],[0,718],[0,718],[0,718]]
CoutPref=[
[-1.123654,-7.865578,-0.000000,-7.865578,-5.618270,-7.865578,-1.123654,-3.370962,-6.741924,-1.123654,-5.618270,-4.494616,-5.618270,-7.865578,-5.618270,-4.494616],
[-6.741924,-0.000000,-7.865578,-1.123654,-8.989232,-8.989232,-6.741924,-6.741924,-8.989232,-8.989232,-8.989232,-4.494616,-1.123654,-1.123654,-5.618270,-0.000000],
[-0.000000,-3.370962,-5.618270,-3.370962,-1.123654,-7.865578,-4.494616,-7.865578,-6.741924,-0.000000,-0.000000,-2.247308,-5.618270,-4.494616,-5.618270,-2.247308],
[-2.247308,-3.370962,-2.247308,-1.123654,-1.123654,-8.989232,-8.989232,-0.000000,-5.618270,-5.618270,-4.494616,-4.494616,-6.741924,-0.000000,-5.618270,-6.741924],
[-2.247308,-8.989232,-7.865578,-3.370962,-4.494616,-2.247308,-0.000000,-0.000000,-0.000000,-0.000000,-2.247308,-6.741924,-2.247308,-5.618270,-6.741924,-5.618270],
[-7.865578,-6.741924,-6.741924,-8.989232,-5.618270,-3.370962,-6.741924,-2.247308,-8.989232,-1.123654,-6.741924,-6.741924,-8.989232,-0.000000,-1.123654,-1.123654],
[-7.865578,-0.000000,-3.370962,-2.247308,-0.000000,-1.123654,-2.247308,-1.123654,-8.989232,-3.370962,-5.618270,-2.247308,-6.741924,-0.000000,-7.865578,-2.247308],
[-7.865578,-2.247308,-8.989232,-1.123654,-6.741924,-5.618270,-1.123654,-5.618270,-4.494616,-6.741924,-0.000000,-4.494616,-6.741924,-2.247308,-3.370962,-2.247308],
[-0.000000,-4.494616,-3.370962,-7.865578,-5.618270,-3.370962,-6.741924,-5.618270,-4.494616,-2.247308,-5.618270,-2.247308,-1.123654,-3.370962,-2.247308,-8.989232],
[-3.370962,-2.247308,-0.000000,-0.000000,-7.865578,-2.247308,-4.494616,-3.370962,-6.741924,-2.247308,-5.618270,-1.123654,-2.247308,-6.741924,-4.494616,-2.247308],
[-2.247308,-7.865578,-8.989232,-5.618270,-1.123654,-5.618270,-1.123654,-4.494616,-8.989232,-4.494616,-6.741924,-7.865578,-5.618270,-8.989232,-6.741924,-0.000000],
[-8.989232,-4.494616,-0.000000,-7.865578,-4.494616,-2.247308,-8.989232,-1.123654,-5.618270,-2.247308,-3.370962,-7.865578,-8.989232,-7.865578,-8.989232,-1.123654],
[-3.370962,-7.865578,-5.618270,-2.247308,-3.370962,-6.741924,-6.741924,-0.000000,-2.247308,-1.123654,-7.865578,-7.865578,-8.989232,-2.247308,-5.618270,-7.865578],
[-7.865578,-4.494616,-3.370962,-0.000000,-6.741924,-0.000000,-2.247308,-0.000000,-2.247308,-3.370962,-6.741924,-2.247308,-8.989232,-5.618270,-1.123654,-2.247308],
[-1.123654,-6.741924,-2.247308,-2.247308,-2.247308,-7.865578,-3.370962,-2.247308,-6.741924,-8.989232,-7.865578,-3.370962,-0.000000,-4.494616,-2.247308,-5.618270],
[-8.989232,-3.370962,-5.618270,-3.370962,-4.494616,-5.618270,-4.494616,-4.494616,-8.989232,-1.123654,-6.741924,-7.865578,-4.494616,-6.741924,-7.865578,-5.618270],
[-3.370962,-8.989232,-7.865578,-3.370962,-6.741924,-8.989232,-5.618270,-1.123654,-6.741924,-2.247308,-5.618270,-6.741924,-6.741924,-5.618270,-0.000000,-3.370962],
[-8.989232,-5.618270,-6.741924,-1.123654,-2.247308,-8.989232,-6.741924,-8.989232,-0.000000,-1.123654,-7.865578,-2.247308,-7.865578,-3.370962,-7.865578,-2.247308],
[-2.247308,-4.494616,-3.370962,-6.741924,-1.123654,-0.000000,-8.989232,-7.865578,-2.247308,-2.247308,-2.247308,-6.741924,-7.865578,-2.247308,-0.000000,-6.741924],
[-6.741924,-4.494616,-6.741924,-6.741924,-4.494616,-3.370962,-5.618270,-2.247308,-4.494616,-1.123654,-3.370962,-3.370962,-5.618270,-8.989232,-3.370962,-5.618270],
[-3.370962,-6.741924,-1.123654,-3.370962,-4.494616,-7.865578,-8.989232,-4.494616,-0.000000,-2.247308,-1.123654,-7.865578,-2.247308,-8.989232,-2.247308,-6.741924],
[-2.247308,-8.989232,-3.370962,-4.494616,-0.000000,-7.865578,-4.494616,-5.618270,-8.989232,-7.865578,-6.741924,-2.247308,-7.865578,-0.000000,-8.989232,-8.989232],
[-4.494616,-0.000000,-2.247308,-7.865578,-7.865578,-2.247308,-2.247308,-5.618270,-2.247308,-2.247308,-3.370962,-2.247308,-8.989232,-3.370962,-0.000000,-1.123654],
[-5.618270,-4.494616,-2.247308,-1.123654,-4.494616,-2.247308,-6.741924,-6.741924,-4.494616,-7.865578,-7.865578,-2.247308,-2.247308,-7.865578,-3.370962,-3.370962],
[-6.741924,-7.865578,-4.494616,-6.741924,-6.741924,-0.000000,-3.370962,-3.370962,-1.123654,-2.247308,-6.741924,-1.123654,-1.123654,-8.989232,-3.370962,-6.741924],
[-1.123654,-3.370962,-8.989232,-6.741924,-5.618270,-3.370962,-3.370962,-8.989232,-2.247308,-1.123654,-1.123654,-4.494616,-6.741924,-2.247308,-5.618270,-4.494616],
[-0.000000,-0.000000,-8.989232,-4.494616,-7.865578,-2.247308,-6.741924,-0.000000,-4.494616,-3.370962,-8.989232,-3.370962,-0.000000,-2.247308,-8.989232,-1.123654],
[-5.618270,-5.618270,-7.865578,-8.989232,-8.989232,-0.000000,-7.865578,-1.123654,-8.989232,-8.989232,-3.370962,-6.741924,-2.247308,-8.989232,-8.989232,-0.000000],
[-7.865578,-5.618270,-5.618270,-5.618270,-7.865578,-2.247308,-3.370962,-0.000000,-3.370962,-2.247308,-4.494616,-3.370962,-2.247308,-1.123654,-2.247308,-7.865578],
[-6.741924,-1.123654,-7.865578,-5.618270,-8.989232,-3.370962,-5.618270,-7.865578,-3.370962,-8.989232,-2.247308,-3.370962,-6.741924,-1.123654,-3.370962,-2.247308],
[-5.618270,-6.741924,-6.741924,-4.494616,-1.123654,-2.247308,-2.247308,-2.247308,-0.000000,-5.618270,-5.618270,-4.494616,-4.494616,-6.741924,-6.741924,-0.000000],
[-4.494616,-2.247308,-0.000000,-1.123654,-0.000000,-1.123654,-2.247308,-1.123654,-6.741924,-3.370962,-2.247308,-1.123654,-7.865578,-1.123654,-2.247308,-1.123654],
[-6.741924,-7.865578,-5.618270,-5.618270,-0.000000,-6.741924,-5.618270,-7.865578,-0.000000,-8.989232,-2.247308,-2.247308,-5.618270,-6.741924,-0.000000,-7.865578],
[-7.865578,-1.123654,-7.865578,-7.865578,-2.247308,-0.000000,-6.741924,-7.865578,-1.123654,-8.989232,-6.741924,-7.865578,-8.989232,-0.000000,-8.989232,-3.370962],
[-7.865578,-5.618270,-8.989232,-5.618270,-0.000000,-4.494616,-4.494616,-0.000000,-3.370962,-4.494616,-0.000000,-6.741924,-0.000000,-1.123654,-5.618270,-7.865578],
[-2.247308,-3.370962,-3.370962,-2.247308,-1.123654,-1.123654,-0.000000,-0.000000,-7.865578,-7.865578,-7.865578,-4.494616,-5.618270,-7.865578,-7.865578,-1.123654],
[-1.123654,-4.494616,-6.741924,-1.123654,-6.741924,-8.989232,-8.989232,-7.865578,-2.247308,-6.741924,-5.618270,-2.247308,-7.865578,-8.989232,-7.865578,-7.865578],
[-0.000000,-1.123654,-8.989232,-8.989232,-0.000000,-8.989232,-8.989232,-8.989232,-4.494616,-7.865578,-1.123654,-7.865578,-3.370962,-0.000000,-8.989232,-4.494616],
[-3.370962,-7.865578,-6.741924,-3.370962,-5.618270,-4.494616,-2.247308,-7.865578,-0.000000,-2.247308,-6.741924,-3.370962,-2.247308,-3.370962,-5.618270,-2.247308],
[-7.865578,-6.741924,-2.247308,-0.000000,-4.494616,-1.123654,-3.370962,-8.989232,-0.000000,-7.865578,-2.247308,-1.123654,-8.989232,-2.247308,-6.741924,-2.247308],
[-7.865578,-4.494616,-6.741924,-3.370962,-8.989232,-6.741924,-2.247308,-6.741924,-8.989232,-8.989232,-0.000000,-8.989232,-2.247308,-3.370962,-2.247308,-8.989232],
[-0.000000,-2.247308,-8.989232,-2.247308,-1.123654,-0.000000,-1.123654,-2.247308,-7.865578,-2.247308,-3.370962,-7.865578,-2.247308,-0.000000,-7.865578,-0.000000],
[-2.247308,-2.247308,-4.494616,-8.989232,-0.000000,-6.741924,-5.618270,-6.741924,-3.370962,-3.370962,-4.494616,-3.370962,-6.741924,-4.494616,-2.247308,-4.494616],
[-6.741924,-8.989232,-6.741924,-8.989232,-0.000000,-8.989232,-1.123654,-5.618270,-1.123654,-2.247308,-1.123654,-3.370962,-0.000000,-0.000000,-1.123654,-3.370962],
[-2.247308,-5.618270,-0.000000,-0.000000,-0.000000,-6.741924,-5.618270,-1.123654,-7.865578,-0.000000,-5.618270,-5.618270,-4.494616,-5.618270,-0.000000,-1.123654],
[-3.370962,-5.618270,-7.865578,-1.123654,-2.247308,-8.989232,-6.741924,-3.370962,-1.123654,-8.989232,-4.494616,-0.000000,-6.741924,-5.618270,-3.370962,-6.741924],
[-0.000000,-1.123654,-7.865578,-0.000000,-5.618270,-3.370962,-2.247308,-4.494616,-1.123654,-5.618270,-0.000000,-3.370962,-8.989232,-7.865578,-4.494616,-2.247308],
[-1.123654,-3.370962,-3.370962,-3.370962,-0.000000,-8.989232,-6.741924,-0.000000,-7.865578,-8.989232,-0.000000,-4.494616,-5.618270,-1.123654,-1.123654,-5.618270],
[-2.247308,-6.741924,-3.370962,-8.989232,-7.865578,-3.370962,-3.370962,-6.741924,-6.741924,-1.123654,-0.000000,-6.741924,-6.741924,-5.618270,-6.741924,-8.989232],
[-6.741924,-8.989232,-2.247308,-6.741924,-7.865578,-7.865578,-4.494616,-3.370962,-6.741924,-4.494616,-5.618270,-0.000000,-5.618270,-4.494616,-3.370962,-8.989232],
[-6.741924,-6.741924,-8.989232,-2.247308,-4.494616,-3.370962,-5.618270,-8.989232,-8.989232,-8.989232,-0.000000,-2.247308,-4.494616,-3.370962,-1.123654,-4.494616],
[-1.123654,-6.741924,-0.000000,-1.123654,-3.370962,-3.370962,-7.865578,-1.123654,-7.865578,-8.989232,-6.741924,-4.494616,-6.741924,-7.865578,-6.741924,-4.494616],
[-4.494616,-5.618270,-4.494616,-6.741924,-6.741924,-8.989232,-6.741924,-3.370962,-7.865578,-4.494616,-6.741924,-0.000000,-7.865578,-7.865578,-2.247308,-7.865578],
[-3.370962,-3.370962,-6.741924,-4.494616,-4.494616,-4.494616,-6.741924,-0.000000,-3.370962,-1.123654,-5.618270,-0.000000,-8.989232,-0.000000,-2.247308,-2.247308],
[-5.618270,-7.865578,-6.741924,-0.000000,-6.741924,-1.123654,-4.494616,-2.247308,-5.618270,-1.123654,-3.370962,-2.247308,-6.741924,-5.618270,-0.000000,-7.865578],
[-6.741924,-6.741924,-3.370962,-0.000000,-8.989232,-7.865578,-0.000000,-0.000000,-8.989232,-3.370962,-0.000000,-5.618270,-3.370962,-1.123654,-5.618270,-6.741924],
[-6.741924,-3.370962,-7.865578,-1.123654,-4.494616,-2.247308,-3.370962,-8.989232,-3.370962,-4.494616,-1.123654,-7.865578,-8.989232,-1.123654,-6.741924,-5.618270],
[-5.618270,-0.000000,-3.370962,-2.247308,-7.865578,-4.494616,-2.247308,-4.494616,-5.618270,-2.247308,-7.865578,-0.000000,-1.123654,-4.494616,-6.741924,-7.865578],
[-5.618270,-2.247308,-8.989232,-7.865578,-4.494616,-1.123654,-6.741924,-5.618270,-5.618270,-7.865578,-4.494616,-4.494616,-6.741924,-8.989232,-8.989232,-0.000000],
[-8.989232,-2.247308,-2.247308,-4.494616,-4.494616,-4.494616,-6.741924,-1.123654,-5.618270,-2.247308,-8.989232,-6.741924,-6.741924,-5.618270,-3.370962,-0.000000],
[-6.741924,-0.000000,-8.989232,-1.123654,-1.123654,-5.618270,-5.618270,-5.618270,-2.247308,-7.865578,-0.000000,-8.989232,-6.741924,-8.989232,-7.865578,-5.618270],
[-0.000000,-0.000000,-7.865578,-4.494616,-5.618270,-4.494616,-5.618270,-8.989232,-4.494616,-2.247308,-5.618270,-2.247308,-6.741924,-6.741924,-0.000000,-3.370962],
[-7.865578,-8.989232,-2.247308,-6.741924,-3.370962,-7.865578,-2.247308,-5.618270,-5.618270,-1.123654,-2.247308,-2.247308,-7.865578,-0.000000,-5.618270,-7.865578],
[-8.989232,-3.370962,-3.370962,-2.247308,-5.618270,-6.741924,-1.123654,-1.123654,-0.000000,-4.494616,-1.123654,-6.741924,-2.247308,-8.989232,-7.865578,-7.865578],
[-1.123654,-4.494616,-3.370962,-4.494616,-8.989232,-4.494616,-3.370962,-6.741924,-8.989232,-2.247308,-1.123654,-1.123654,-2.247308,-8.989232,-6.741924,-1.123654],
[-7.865578,-2.247308,-1.123654,-6.741924,-5.618270,-4.494616,-6.741924,-2.247308,-7.865578,-0.000000,-4.494616,-2.247308,-0.000000,-5.618270,-3.370962,-1.123654],
[-5.618270,-2.247308,-1.123654,-1.123654,-4.494616,-8.989232,-1.123654,-3.370962,-8.989232,-3.370962,-3.370962,-6.741924,-0.000000,-5.618270,-5.618270,-5.618270],
[-0.000000,-0.000000,-1.123654,-0.000000,-7.865578,-2.247308,-6.741924,-5.618270,-4.494616,-4.494616,-8.989232,-1.123654,-7.865578,-0.000000,-8.989232,-3.370962],
[-1.123654,-7.865578,-2.247308,-5.618270,-4.494616,-1.123654,-8.989232,-4.494616,-5.618270,-1.123654,-8.989232,-3.370962,-6.741924,-5.618270,-8.989232,-6.741924],
[-5.618270,-1.123654,-6.741924,-1.123654,-3.370962,-3.370962,-6.741924,-5.618270,-6.741924,-3.370962,-6.741924,-4.494616,-4.494616,-3.370962,-6.741924,-3.370962],
[-2.247308,-6.741924,-8.989232,-4.494616,-8.989232,-6.741924,-8.989232,-2.247308,-7.865578,-6.741924,-5.618270,-2.247308,-2.247308,-2.247308,-8.989232,-5.618270],
[-3.370962,-4.494616,-4.494616,-4.494616,-5.618270,-1.123654,-0.000000,-0.000000,-3.370962,-5.618270,-3.370962,-5.618270,-8.989232,-0.000000,-8.989232,-8.989232],
[-2.247308,-7.865578,-8.989232,-5.618270,-7.865578,-6.741924,-4.494616,-8.989232,-2.247308,-7.865578,-4.494616,-0.000000,-7.865578,-3.370962,-8.989232,-2.247308]]
gap=[0,-1,-1,5,-1,-1,-1,-1,0,-1,-1,-1,-1,-1,-1,-1,-1,-1,-1,-1,-1,-1,-1,-1,-1,-1,-1,-1,-1,-1,-1,-1,-1,-1,-1,-1,-1,-1,-1,-1,-1,-1,-1,-1,-1,-1,-1,-1,-1,-1,-1,-1,-1,-1,-1,-1,-1,-1,-1,-1,-1,-1,-1,-1,-1,-1,-1,-1,-1,-1,-1,-1,-1]